mincpu,690408668,100,0,690409079,100,7,1016154221,100,5
mincpu|minmemory|minpower,690458215,100,0,692341420,100,6
mincpu|minpower,690462190,100,0,1006632120,80,5,1013177174,60,20,1014447116,90,1,1014497458,100,5
mincpu,690469608,100,0,692430920,100,7,1006773581,80,7,1015839638,60,9,1016185615,90,4
mincpu|minpower,690469802,80,0,1014459629,90,7,1015930384,90,4,1016185607,70,4,1016648143,100,5
mincpu|minmemory,690474768,90,0,690425589,100,8,690458410,80,16,1005218541,80,10,1016558292,80,6
mincpu,690476671,100,0,1005347619,100,7,1015838097,100,6
mincpu|minpower,690476779,70,0,690462212,90,7,1006551279,90,12,1014370164,100,7,1016185640,80,11
mincpu|minmemory,690897570,100,0,690405472,100,1,690461909,100,3
mincpu,692374558,100,0,690472781,100,12,1006658200,60,34,1015930147,70,14,1016091610,100,4
mincpu|minmemory|minpower,699193591,100,0,690462042,60,5,1014424140,70,8,1014424370,100,4,1017627492,100,8
mincpu|minmemory,1006796131,100,0,1016081836,100,4,1016162631,100,4
mincpu|minmemory,1008139723,100,0,1014459645,100,0,1015930163,100,4
mincpu,1014295499,40,0,1005965029,100,17,1014454619,80,9,1014459653,100,35,1016185631,100,29
mincpu,1014459637,100,0,690392931,100,6,1015827230,100,4,1015839620,80,7,1016361430,50,15
mincpu,1015805130,100,0,690473150,50,34,692575030,100,12,1006912484,100,3,1013188052,80,8
mincpu|minmemory|minpower,1016081844,90,0,690458339,100,4,1015881812,100,2,1015930155,100,7,1016193065,40,16
mincpu|minmemory|minpower,1016185623,70,0,690469322,100,7,1006009814,60,4,1014291833,100,5,1016091564,100,5
mincpu|minmemory|minpower,1016192743,100,0,690458282,100,3,690469675,100,3
mincpu,1016267050,100,0,1005523484,90,7,1014476426,100,3,1016091866,100,3,1016162623,40,13
mincpu|minmemory|minpower,1016316507,70,0,692374507,100,11,1014459610,100,9,1016091904,100,5,1016316493,60,2
mincpu|minmemory|minpower,1016581561,100,0,690461399,70,7,690461526,100,0,1014424183,100,3,1014454481,60,9
mincpu|minmemory,1016648135,100,0,690458193,90,0,1014424248,100,5,1015839611,50,19,1016193073,90,9
mincpu,1016648151,80,0,690469349,100,5,690621930,70,8,1014459661,90,5,1015827222,90,11
mincpu,1016660461,90,0,692574832,90,9,692575006,100,3,1005379219,80,8,1014755996,70,16
mincpu|minmemory|minpower,1016689133,100,0,690474296,80,4,692779027,100,5,1016785086,100,7,1016925490,50,9
mincpu|minlink,1016874950,100,0,690405359,90,6,692374493,90,9,1006658146,80,7,1013188060,70,7
mincpu|minmemory|minpower,1016874984,90,0,690394012,90,13,1005953152,100,1,1016660445,100,6,1016963669,50,13
mincpu|minmemory|minpower,1017043385,100,0,690461968,40,9,690462000,100,3,692414789,90,6,1016904948,100,1
minlink,690408668,100,0,690462000,100,7,1015930155,100,5,1016154221,100,5
minlink,690458215,100,0,692341420,100,6,692575030,100,7,1016193073,90,5
minlink|minmaxsched,690462190,100,0,1006632120,80,5,1014447116,90,1,1014497458,100,5
minlink|minmaxsched,690469608,100,0,690472781,100,8,1006773581,80,7,1016162623,40,8,1016185615,90,4
minlink,690469802,80,0,1014459629,90,7,1014476426,100,5,1015930384,90,4,1016185607,70,4
minlink,690474768,90,0,690469322,100,8,1005218541,80,10,1016193065,40,6,1016558292,80,6
minlink|minmaxsched,690476671,100,0,692574832,90,6,1005347619,100,7,1015839620,80,5
minlink,690476779,70,0,690462212,90,7,1013177174,60,5,1014370164,100,7,1016185640,80,11
minlink,690897570,100,0,690394012,90,5,690405472,100,1,690458410,80,5,1014454481,60,3
minlink,692374558,100,0,690469349,100,6,1016091610,100,4,1016185631,100,5
minlink,699193591,100,0,690462042,60,5,692414789,90,4,1005379219,80,6,1017627492,100,8
minlink|minmaxsched,1006796131,100,0,690392931,100,5,1015838097,100,5,1016162631,100,4
minlink|minmaxsched,1008139723,100,0,690425589,100,1,1014459645,100,0,1015930163,100,4
minlink,1014295499,40,0,690473150,50,2,1006658200,60,10,1014454619,80,9
minlink,1014459637,100,0,692374507,100,4,1006551279,90,4,1015827230,100,4
minlink,1015805130,100,0,1006912484,100,3,1013188052,80,8,1015827222,90,4,1015839638,60,3
minlink,1016081844,90,0,690458339,100,4,1014755996,70,3,1015881812,100,2
minlink,1016185623,70,0,1006009814,60,4,1014291833,100,5,1015839611,50,9,1016091564,100,5
minlink|minmaxsched,1016192743,100,0,690458282,100,3,690469675,100,3,1016648143,100,3
minlink|minmaxsched,1016267050,100,0,692430920,100,3,1014459610,100,3,1016091866,100,3
minlink|minmaxsched,1016316507,70,0,1005523484,90,5,1016091904,100,5,1016316493,60,2,1016361430,50,1
minlink|minmaxsched,1016581561,100,0,690461526,100,0,1014424183,100,3,1016660445,100,2
minlink|minmaxsched,1016648135,100,0,690458193,90,0,1014424248,100,5,1014459653,100,1
minlink,1016648151,80,0,690621930,70,8,1005965029,100,10,1014459661,90,5,1015930147,70,12
minlink|minmaxsched,1016660461,90,0,690409079,100,5,692575006,100,3,1016081836,100,5
minlink,1016689133,100,0,690461968,40,8,690474296,80,4,692779027,100,5,1016785086,100,7
minlink,1016874984,90,0,690461399,70,3,690461909,100,10,1005953152,100,1,1016963669,50,13
minlink,1017043385,100,0,1014424140,70,7,1014424370,100,2,1016904948,100,1,1016925490,50,1
minmaxsched,690408668,100,0,690458339,100,7,1015930155,100,5,1016154221,100,5
minmaxsched,690458215,100,0,692341420,100,6,1014459629,90,4,1016193073,90,5
minmaxsched,690469802,80,0,692575030,100,6,1014476426,100,5,1015930384,90,4
minmaxsched,690474768,90,0,690469322,100,8,1005218541,80,10,1015881812,100,11,1016193065,40,6
minmaxsched,690476779,70,0,690462212,90,7,1006551279,90,12,1013177174,60,5,1014370164,100,7
minmaxsched,690897570,100,0,690405472,100,1,690461909,100,3,1014454481,60,3,1016925490,50,14
minmaxsched,692374558,100,0,1015827222,90,5,1016091610,100,4,1016185631,100,5
minmaxsched,699193591,100,0,690462042,60,5,1005379219,80,6,1014424140,70,8,1017627492,100,8
minmaxsched,1014295499,40,0,690405359,90,12,690473150,50,2,1006658200,60,10,1014454619,80,9
minmaxsched,1014459637,100,0,692374507,100,4,1015827230,100,4,1016185640,80,9
minmaxsched,1015805130,100,0,1006912484,100,3,1013188052,80,8,1015839638,60,3,1016185607,70,13
minmaxsched,1016081844,90,0,690394012,90,11,690458410,80,5,1014755996,70,3,1016558292,80,10
minmaxsched,1016185623,70,0,692374493,90,14,1014291833,100,5,1015839611,50,9,1016091564,100,5
minmaxsched,1016648151,80,0,690469349,100,5,690621930,70,8,1014459661,90,5,1015930147,70,12
minmaxsched,1016689133,100,0,690461968,40,8,690474296,80,4,692414789,90,11,1016785086,100,7
minmaxsched,1016874950,100,0,1005965029,100,8,1006009814,60,19,1006658146,80,7,1013188060,70,7
minmaxsched,1016874984,90,0,690461399,70,3,692779027,100,8,1005953152,100,1,1016963669,50,13
minmaxsched,1017043385,100,0,690462000,100,3,1014424370,100,2,1016904948,100,1
minmemory,690408668,100,0,692575006,100,6,1016154221,100,5
minmemory,690462190,100,0,1005379219,80,18,1006632120,80,5,1014447116,90,1,1015839620,80,17
minmemory,690469608,100,0,692430920,100,7,1014476426,100,8,1016162623,40,8,1016185615,90,4
minmemory,690469802,80,0,1006773581,80,19,1015930384,90,4,1016185640,80,18,1016648143,100,5
minmemory,690476671,100,0,690409079,100,9,1015838097,100,6
minmemory,690476779,70,0,1005347619,100,11,1013177174,60,5,1014370164,100,7,1014497458,100,15
minmemory,692374558,100,0,690621930,70,18,1014459661,90,8,1015827222,90,5,1015930147,70,14
minmemory,1014295499,40,0,690405359,90,12,1005965029,100,17,1006912484,100,38,1014459653,100,35
minmemory,1014459637,100,0,690392931,100,6,1005523484,90,11,1006551279,90,4,1016361430,50,15
minmemory,1015805130,100,0,690472781,100,9,692575030,100,12,1006658200,60,34,1013188060,70,28
minmemory,1016267050,100,0,1015827230,100,6,1015839638,60,15,1016091866,100,3,1016185607,70,6
minmemory,1016648151,80,0,690469349,100,5,690473150,50,22,1016091610,100,11,1016185631,100,7
minmemory,1016660461,90,0,690462212,90,26,692574832,90,9,1014459629,90,13,1014755996,70,16
minmemory,1016874950,100,0,692374493,90,9,1006658146,80,7,1013188052,80,14,1014454619,80,9
minpower,690408668,100,0,690409079,100,7,1005379219,80,7,1016154221,100,5
minpower,690469608,100,0,692430920,100,7,1006773581,80,7,1014476426,100,8,1016361430,50,14
minpower,690474768,90,0,690425589,100,8,1005218541,80,10,1014755996,70,9,1016193073,90,10
minpower,690476671,100,0,1005347619,100,7,1015838097,100,6,1015839620,80,5
minpower,690897570,100,0,690405472,100,1,690458410,80,5,690461909,100,3
minpower,692374558,100,0,690472781,100,12,690473150,50,32,1015827222,90,5,1016185615,90,8
minpower,1006796131,100,0,1016162631,100,4
minpower,1008139723,100,0,1014459645,100,0,1015839611,50,23,1015930163,100,4,1016558292,80,6
minpower,1014295499,40,0,690405359,90,12,1005965029,100,17,1016091610,100,35,1016185631,100,29
minpower,1014459637,100,0,690392931,100,6
minpower,1015805130,100,0,692575030,100,12,1006912484,100,3,1015839638,60,3,1015930147,70,20
minpower,1016267050,100,0,1005523484,90,7,1015827230,100,6,1016091866,100,3,1016162623,40,13
minpower,1016648135,100,0,690458193,90,0,1006658200,60,34,1013188052,80,7,1014424248,100,5
minpower,1016648151,80,0,690469349,100,5,690621930,70,8,692374493,90,12,1014459661,90,5
minpower,1016660461,90,0,692574832,90,9,692575006,100,3,1016081836,100,5
minpower,1016874950,100,0,1006658146,80,7,1013188060,70,7,1014454619,80,9,1014459653,100,19
